3798
1968
2215
5763
443
3853
904
6210
4345
7410
1075
6650
5859
4178
8814
2318
3149
6781
8356
6896
832
7723
5183
628
8147
130
1652
812
980
8845
3603
4982
8870
5128
7952
1505
7548
6975
6764
7853
591
6582
7828
3624
2257
9987
1045
8702
6898
3699
3010
7676
9720
1259
9018
3909
2631
7755
7993
5257
6324
7702
4164
1013
5521
3896
819
5391
8977
4711
2262
8931
784
2258
6285
9654
5573
3307
6998
6892
3417
7138
8655
5562
2482
5222
4223
5615
3382
4964
7061
4346
3342
550
8857
4186
9823
7906
6175
1006
6507
2833
538
775
5736
6306
8813
6250
3096
1243
5595
2990
1567
5530
2846
6495
6659
8651
3972
5598
1175
2034
7290
3195
5226
5010
8071
9685
4025
193
7164
8893
9992
3911
7071
3919
4126
2581
5781
3773
6176
2559
1538
9153
6900
4230
3632
6766
7215
3867
2991
613
1242
3201
1656
7262
4970
4891
1218
3163
6918
4785
9329
8112
39
1619
3210
8612
966
4441
8280
5314
4855
5708
6905
7683
1915
8903
6617
8349
330
8436
9125
653
8250
4104
3442
5151
9310
7802
7315
4730
3189
333
2445
4823
4349
4295
8859
763
1015
2495
211
9047
8842
8066
596
1647
8881
4450
866
1081
2983
1690
137
6546
6031
5812
4388
8803
1941
5072
1667
1271
5361
8034
1735
8470
2072
2420
924
4516
7317
1806
9640
9848
2260
8173
2152
4906
4911
8735
1764
2971
8357
85
6500
6748
9695
9889
6211
9741
1528
8123
2552
3621
7105
5475
2500
8474
1553
4950
3897
2948
8205
1978
7430
4034
6265
3305
1011
5605
5256
7361
2403
1096
1324
7869
267
1635
6968
5195
3479
1393
5356
6860
3141
2384
2063
1979
6018
6245
626
1542
207
935
3308
1817
8320
1658
3667
8077
9107
2334
4069
1607
8618
9028
4792
9000
4161
1402
9481
475
2466
9784
2026
9169
1169
1610
7535
3572
9591
8660
8038
9737
7507
8961
1156
181
1725
9034
9970
8359
4565
5937
6419
6669
9721
3400
8983
5359
9362
9998
2024
9936
6693
9877
6329
5014
2584
2623
7530
9875
5893
9518
1925
2582
9935
318
9120
4616
6054
2685
2783
7124
6053
5240
610
6242
3249
359
4997
4172
7336
8716
8639
5590
5940
2329
9514
2874
9435
8177
7807
5764
6257
795
9482
9814
8417
2551
1219
1540
564
3430
2701
8069
1918
3761
4184
6309
2858
2720
7956
1136
747
2235
5718
764
4552
1248
2392
5358
3842
8792
7527
728
388
7118
8425
9952
8787
8499
6554
1135
8679
8273
4487
7977
4757
4239
2160
2765
3487
8832
8175
8798
7560
9577
755
8110
2303
9160
3265
3449
6851
6043
8607
2986
9104
8751
886
7193
6510
8315
6122
7462
8196
7675
8136
253
6262
3924
3267
3371
2913
680
9895
2956
8370
7171
3599
882
1937
6556
6615
3239
4364
2660
2295
1225
8025
8483
8683
8157
8544
8817
9336
5487
5861
7252
5165
7377
6336
3997
9687
2192
4372
5395
7868
9385
7403
8010
109
1170
4030
532
8522
3900
7250
1191
6814
6179
7925
282
420
2129
9722
4517
4449
8338
4562
8428
1561
1193
7182
90
860
8526
5587
3753
8375
546
678
9082
6429
435
2750
3168
7417
4290
8040
4999
1121
412
3540
2908
1408
4274
5951
4444
3915
6609
6626
715
5434
2164
6539
7554
4373
3751
4368
229
3075
1700
5499
1640
6249
9791
9911
8379
4273
7624
7322
5143
7286
15
162
6154
7559
2365
1103
4661
8203
7746
3432
4189
1752
3910
2955
7436
5140
8534
4910
4252
6187
5879
7458
4718
8265
6094
7392
2553
6684
9464
4604
4142
9926
220
3891
3840
3560
4989
7178
7964
6880
903
8672
5806
3847
6160
5073
4334
2045
1680
2440
5600
281
2637
9870
6633
5905
2697
6010
6870
8781
7329
2503
741
2647
9346
8950
6886
7831
4689
6879
9896
2513
6327
8794
964
5760
5646
5691
7323
7155
9072
2980
1833
3187
1282
8879
3945
1021
1126
9161
3473
4764
8819
384
7985
8728
3686
6184
7189
5268
9625
8420
3543
6897
2457
4708
4206
9043
8263
2035
1122
6427
2122
515
3193
2873
3152
5284
989
9683
454
1807
4381
2496
9731
254
693
9900
6699
1669
8234
2441
8248
7312
303
7447
3890
2157
6065
4905
5464
4022
9828
6169
386
9440
672
4365
1823
7484
9467
2620
9076
9511
6719
6044
1670
3476
5108
7175
7689
2590
5295
4452
5987
4863
7384
7313
8402
645
2382
507
8392
1649
3042
8395
6075
5956
5663
4242
7708
4788
2713
9863
2029
3300
9957
3685
3541
5169
2404
5034
5374
5955
574
6555
4914
9825
3460
4291
1834
9838
2757
9729
6221
9345
4436
896
1518
5465
5196
4590
6956
502
4674
8184
4963
4652
134
6486
3090
3549
8195
6343
7482
4962
589
6325
6643
5428
6727
7113
7094
2417
7302
6393
5311
9531
6272
1909
9597
5262
1263
522
8260
3941
1583
6274
63
7614
3852
9742
7468
5419
737
3057
9432
1898
8597
9392
5727
6637
8099
4572
7037
8171
3663
9851
7122
8400
6023
1754
6123
5276
3194
5247
7236
8341
1863
6749
4359
1364
2883
1759
5790
7077
2141
7995
2829
9867
7283
5435
2113
6335
1378
5327
3885
2354
4179
1761
4241
4772
3302
8596
4428
8085
6632
1351
8949
5777
4504
305
3863
8182
233
6635
4812
9528
6444
2789
7109
7275
8096
3626
9497
4949
1319
4535
3365
3349
7763
6291
7809
3369
3943
1646
2245
8869
3676
4953
1488
141
5647
8693
1696
217
6625
9139
3789
2271
8825
1385
4611
695
595
987
8451
6466
504
6286
3204
8569
5491
3802
1057
7048
676
2818
6445
4087
631
3672
5436
7271
6522
6621
4470
2305
4852
1199
274
2317
9113
8340
7242
3098
8967
4080
2692
967
836
3607
1009
1677
4356
2579
2909
1836
6948
3359
7703
3457
6
9776
7354
8169
2210
9297
1710
2723
4238
8408
6598
4435
9483
8219
2814
9673
195
5792
7789
3419
142
3503
8890
173
7719
9307
9075
3328
6690
7935
3415
1247
1568
7616
1443
4328
6842
2741
2970
9817
3939
3317
9872
4668
8590
4497
2506
4919
9003
1592
3674
2902
3004
6152
1818
6008
5220
2429
1066
8777
2557
4743
7420
7756
1117
9700
6906
7851
7780
7955
4944
5973
3675
9087
3177
6491
6158
5737
3642
3923
7380
5965
6183
6392
9581
5771
9484
6603
6849
7009
9133
7577
2776
4873
2544
2543
321
1367
1396
3582
1654
9948
5614
6641
5796
1306
2302
9343
3826
6655
5731
3848
7222
6612
2673
637
6224
7914
9274
1345
1048
6645
7814
4266
2369
8744
198
6140
8972
6504
7486
6052
5978
5785
745
5066
7812
239
2405
5985
1000
6241
1736
6754
9342
2046
8641
4427
5162
9619
3356
7131
7208
2221
2128
1406
874
8635
4085
6722
7305
6316
149
7858
7479
316
7232
1395
11
3989
5577
4063
6208
2600
5966
2791
5855
9126
4347
9388
9
5837
1409
3746
5671
2212
4205
5445
165
8858
751
5011
3692
4746
4768
9888
2247
3054
4912
3486
2711
9050
8828
7718
6440
6494
9283
9407
2321
9185
5969
8700
1038
2890
7783
6542
6072
1158
9571
6244
5453
2048
5439
8661
3437
8324
9234
9951
4929
7066
7352
535
8962
3613
797
5537
6136
5423
3944
9670
8487
6573
4188
218
5831
954
5998
6825
6840
6258
4883
4587
9017
2838
5168
117
8743
6485
5821
4675
6320
4433
2794
4321
257
963
4825
8750
4458
6076
7806
2863
7454
5201
2159
9001
4784
2372
9200
7450
4890
5301
990
1747
4269
4211
2291
50
524
7685
2773
827
1811
8026
2905
6220
6356
9418
706
2772
8992
6701
3491
9662
638
1789
4112
4434
5089
3214
8345
5096
1456
1451
7253
9777
5145
1835
9462
7884
8763
1016
3638
4931
2242
8933
2173
2481
9447
2293
2190
8104
4240
4038
7096
2289
4751
1597
3458
7526
3524
923
3866
9241
7620
968
8810
4376
1321
5794
9978
5335
2522
7390
6927
8364
2275
8786
7441
694
6483
2657
8997
1213
8300
3426
5188
2092
102
4975
7830
9398
3299
8254
221
5507
9147
3833
1943
7338
5534
5304
7052
3631
3116
3682
9996
7276
9280
7728
3444
7792
4547
4676
489
6910
3370
774
353
3629
3704
6793
4494
5667
6541
7587
7084
8866
3904
4182
735
8846
9574
9428
4218
4810
8308
1884
2239
3544
5091
3270
4946
665
5035
1325
6806
3996
687
4526
572
9102
7351
9554
1349
2207
5309
8773
4584
9109
8419
705
8745
2409
4168
2835
5136
4119
9885
307
884
1113
6538
9058
7656
9516
2297
4214
4522
8106
1891
8757
5467
3298
9652
1972
7452
9542
1067
4909
328
4712
2480
1130
8884
8149
259
3407
905
3063
6776
2674
5027
8989
3927
9879
86
9740
6302
1458
4657
1904
5895
7159
8680
7570
9659
4103
6493
7611
1085
749
4032
2675
6340
8455
8559
2809
7031
5980
9812
70
7922
7019
6159
6148
5941
7745
7766
4257
3421
5330
5528
9541
6817
7324
9015
9798
6069
8347
8472
7498
8801
6415
1090
6708
7314
6506
4212
1873
5976
6963
6745
5103
334
5835
5463
1935
1468
2288
5185
7733
7416
1165
7967
8556
914
6646
7072
9914
1532
77
4301
8531
7781
511
1594
4756
2252
8080
6404
7604
7363
4059
8732
8947
9530
2337
961
6950
3854
2036
6532
4690
9142
6946
4153
9799
4048
1059
7965
1356
7068
6372
7087
6683
4120
8853
6537
691
1778
7898
319
5403
9292
3368
6418
3206
782
5388
7298
9143
6902
551
3858
8547
9406
2460
1842
6110
4532
830
7874
6590
4404
8328
4592
4099
1782
283
1474
3522
6178
5748
7752
3403
9837
4505
1241
61
6798
4850
3732
7782
1516
2121
7173
3424
8281
3585
9521
3118
1331
6868
6990
4116
4968
2945
6301
2471
2682
8878
4897
2790
2446
5346
8430
915
6982
5438
5148
2943
1720
8413
8212
5824
561
113
1079
8457
9152
3846
2871
3164
3447
6994
3181
8723
5857
3021
4005
4305
1217
5876
1678
7343
3243
7771
5408
8783
8994
8186
1993
846
38
4232
7194
8724
806
9750
1596
4410
4566
8054
7073
3202
7197
8560
458
1036
1234
2178
3684
9417
6022
7647
7843
996
2348
5713
7704
191
6765
4308
6760
1982
4876
6909
1245
2452
2603
5591
2872
7943
6318
2256
6226
8466
1083
2843
3409
5344
5609
8688
65
5015
9924
4901
8532
360
9471
3011
2634
5502
1471
8041
6730
2232
4040
1899
2936
8834
2805
1483
4100
6959
2800
5094
9224
2407
1314
9145
2347
7764
727
7350
5840
1167
4745
7366
7078
4247
7608
4389
2748
4635
2848
1920
4943
4035
8955
6341
2696
6775
2498
9151
8198
8979
3559
1494
9672
8441
7238
2586
9540
116
7923
8022
2981
6464
5217
7966
4486
6443
4472
4815
2137
7818
6267
568
9065
9525
88
2350
883
3901
280
212
3950
4355
6634
28
1688
8871
9767
5253
2287
5352
656
8183
1579
6836
6313
4097
8456
4378
7360
2598
9051
6027
4138
3763
47
9993
104
4893
804
3592
931
6266
6137
8624
5192
7662
952
9024
5580
2736
1872
1987
3640
3525
9686
4849
6709
6305
1639
6115
8790
9489
2442
3850
1947
6396
3373
3970
8371
5653
2410
6204
8299
8179
8766
4896
4782
575
273
7162
9779
9769
9678
6050
7677
3630
6312
6133
3985
7816
4938
1786
6744
7795
5547
710
2135
3771
7457
1564
7316
3234
7285
455
5698
1763
2477
8335
7523
4766
6850
2198
9846
6552
7847
9633
4397
8243
1551
1698
831
8339
1732
4816
9953
1703
8589
5675
8694
2076
5324
5392
4570
5622
3545
547
4612
9271
1644
9144
9713
3002
9701
4077
346
9360
9983
2023
4956
1115
8158
9288
5679
6829
9589
5238
1626
3501
3906
8601
5202
7169
5617
6656
7601
4430
3747
633
7365
7421
270
4667
5460
6858
5308
868
4294
425
3776
3963
2516
1560
9397
1537
2778
9049
5062
5114
4632
1308
8050
2512
7668
7050
48
4233
2123
1469
2899
490
8244
4480
6788
4894
8885
3117
5707
4534
6456
5851
4524
1514
8633
123
7154
4227
1330
8628
7210
341
8516
6128
6620
9476
6753
312
7304
9892
3131
6442
597
7909
3224
2196
6467
9563
3878
9381
970
3574
4830
2994
1928
4529
5042
4194
972
236
208
1692
6553
6515
5971
3518
3725
4041
7371
1776
9199
2767
2223
1643
9763
5099
9675
4251
8958
158
6253
472
7513
5575
2038
3184
8788
5261
9539
9933
4329
2364
2286
8031
3112
5474
300
6432
4670
5085
33
9523
9061
9296
9193
3388
3361
2507
9488
9641
9663
2729
8917
6551
9416
897
2109
2937
9361
543
375
2314
3735
286
8167
553
7578
4337
521
7428
7863
6863
8060
6698
3474
1874
2464
3861
5778
5446
3845
2808
3716
8720
6993
3462
6104
3677
7089
3494
6687
901
3472
379
8758
1017
7821
2658
5172
8902
8148
7100
6455
487
5459
5242
4008
1401
5732
9586
1423
5954
186
7658
5566
4
9550
9443
594
1360
1348
5084
2267
3954
5365
8782
1999
9258
2903
3709
5150
5678
4705
7793
3703
5571
3316
1379
3396
5588
5329
2106
6952
5079
6564
6995
1905
2946
3085
3337
9775
9137
9537
8002
4603
8895
8542
2019
6514
3788
7939
8279
7340
1139
479
4357
889
5054
1550
6872
8836
9411
3219
9334
4326
4330
3309
5170
8548
3018
4135
1642
100
3039
5918
4887
4354
4865
9575
955
1781
4879
6513
2893
1545
325
3625
2367
4033
5282
4185
4117
6891
582
2961
3719
8999
8904
7144
3286
297
8699
5770
8630
331
9510
3190
6771
354
5432
4282
3237
5815
8652
9997
512
8367
2156
9643
1098
2091
7790
2764
8551
5972
1303
4053
9009
1342
3683
8944
5690
7328
6167
9337
697
2885
3000
8259
6479
3644
1194
8017
6231
9547
8042
9786
1717
7102
3384
9844
8824
6017
2085
1693
5930
1546
8297
7566
3508
189
2978
722
4752
6969
8910
5442
1875
4656
7511
8761
8892
730
4426
3331
622
8461
6803
5846
1427
530
1425
7207
7086
998
494
9106
3434
6405
2250
3341
2117
5818
3386
6535
1676
7623
2786
7651
6147
2439
2240
4582
5936
4696
1893
605
9257
1556
5113
6172
7101
5396
772
4394
714
4717
4567
3657
3738
4296
6458
894
304
3527
9305
4338
3100
1190
1650
3706
3805
9097
1398
3454
4536
8490
8900
4475
9603
5548
9715
4581
1614
6558
1082
8473
2025
9822
8221
7672
9366
1154
7015
4491
7787
5544
5629
3435
2368
6215
3350
6614
6568
1432
3573
5299
2925
599
5141
6177
8326
9941
290
3697
5362
356
9309
8391
3418
3301
6430
5848
5729
2560
777
5738
4856
9279
3701
2732
7497
5581
8883
3292
9229
242
9725
6586
9308
8906
652
8389
204
1185
8506
2655
3197
986
4518
260
4655
3717
9312
1086
6358
3178
8304
5943
6502
6695
4984
4684
7067
7646
71
9735
3247
24
4216
5793
1334
3693
8840
1860
4790
8232
8797
8986
9679
5716
7337
8030
6151
5349
6163
838
841
7845
1264
2463
7508
5681
7431
6611
8707
9387
3354
93
4255
5884
2941
5952
7983
9864
2633
3124
1421
5555
5093
1591
271
617
7992
2344
6763
6149
3016
2597
5519
888
9963
3079
7080
2202
3529
9551
6174
3698
587
2355
8062
2934
1877
9197
1934
9826
4521
2819
3973
3992
1438
7201
170
6503
2728
5516
9183
9642
9111
3172
7981
7709
7029
3165
9612
8012
4078
9294
5048
2222
9944
8028
6155
3453
8385
8378
9478
387
3180
2580
357
8108
5249
12
5689
5174
8029
9469
404
247
9007
3507
2301
8076
8913
6367
9890
2095
4102
1500
2629
6078
5798
394
2719
5526
6666
8570
1830
5177
4225
3841
7543
803
8985
7553
7093
3081
9557
1151
2376
688
9245
9772
9854
2781
5644
8980
1327
8443
6468
5120
8401
6107
7849
1309
667
5532
4881
1418
2414
9405
2998
1627
6425
9824
7319
1795
9156
1739
5068
9680
2483
6344
8587
8495
3755
6704
3908
1399
2467
6375
7227
2840
5994
2184
2706
4407
1648
4412
9906
7958
3046
517
3723
9945
8771
256
8471
1312
8222
2115
2017
432
908
1932
2438
1681
2366
6422
3653
960
9532
7362
145
5492
9761
2761
3770
3228
8296
5125
4951
8127
5563
2605
3597
7446
7475
7521
1200
7069
5603
9354
7209
152
7875
3290
6794
9689
6774
9856
2425
879
5670
7626
978
2722
2804
6933
6668
1955
7053
7547
837
1039
3174
269
975
5852
8059
4645
4084
3259
6114
3416
5923
2209
9533
8178
1758
1679
383
3377
9697
6398
1025
3130
4993
4237
6460
3931
3928
9178
5476
3898
2672
8257
872
3106
4400
1843
3262
3615
2490
1289
2412
3729
5982
2733
8131
8965
369
4075
7041
3157
8006
4803
2650
1695
9841
8585
857
6983
6780
2855
2746
3086
355
6289
9140
8552
4651
4310
536
2763
1353
5235
5808
7596
2940
1753
614
5236
192
2771
6540
5932
2758
1187
4351
3995
1682
8236
3546
1143
6376
5230
1507
81
2346
5596
8729
4653
4971
1051
8957
9270
7772
1566
1779
7005
3718
5887
1313
9732
6783
3240
717
9470
8168
657
9805
5559
7590
534
4614
8468
2097
5611
6310
1198
999
3579
7284
8477
3936
7785
1796
6217
7804
7217
5795
4992
3422
6346
1531
6451
2037
4327
6021
6473
8752
2206
2153
6311
9244
110
122
2627
2659
2689
5706
6235
6681
9834
1683
808
378
5641
1800
8223
8951
2234
4978
9400
4958
398
8703
6958
5909
6714
8780
5417
8653
7299
5572
6185
8144
5514
2704
106
6377
2031
6470
5405
9237
9688
618
9177
8087
982
5668
1687
1203
5536
9272
6739
4525
5627
8229
2670
3169
3926
7517
8366
8140
4425
1220
7879
3256
5613
5628
7300
5322
4817
940
6170
424
6841
2999
5694
3278
3962
1114
845
6844
6908
5351
4076
2186
3257
2306
5975
3346
9393
7220
7641
4838
2044
4009
6874
2362
1524
9592
4842
5841
5495
9349
7584
72
7959
5762
1933
7740
3215
8475
9474
6605
663
8650
611
7928
4414
1366
436
1858
2436
7949
1857
825
2050
8264
939
9860
1228
4840
3888
8207
9081
1116
593
7148
5697
1477
2416
3191
8467
8453
1152
5326
2154
4585
3078
3673
9422
7381
8130
8097
1124
40
9419
7799
2565
8120
2290
8865
7827
3313
2518
6352
8886
9299
6339
6861
6047
1880
739
2093
5933
8448
895
814
7525
2564
3535
5144
4624
7439
1181
5814
2278
5367
3899
4395
8331
2844
4942
1211
5203
1861
1058
5979
7681
1709
6046
1463
3104
9600
1267
9932
59
5159
3357
1386
5959
5312
7920
1493
2285
2402
5332
9692
4927
2975
7435
2864
9433
7905
7817
2811
8386
3483
4416
8882
5535
1952
920
778
3754
4204
1372
8414
7692
4857
9905
3477
1315
8554
8176
2478
264
6563
1611
4625
6042
6779
6028
6037
5756
7564
8421
8564
9705
3296
8991
4339
1636
5472
8332
6472
674
5111
7247
3538
9171
1965
8952
1530
4021
4129
2613
6883
5602
9606
3665
7248
4199
3575
1666
8161
3463
6517
6893
4523
3071
6236
9056
3282
6080
9217
1149
7282
4460
619
2361
5920
9227
863
6098
9647
2860
7150
5944
539
2147
6951
9209
630
8055
414
6589
583
4335
4922
1821
3052
8458
7739
2136
4514
2208
6884
946
5630
136
3496
3051
8748
298
8721
6717
8501
2878
1742
571
5328
8974
2459
250
4945
5047
9656
180
8737
6696
9660
5582
8285
3786
9916
8380
8523
7837
3065
3182
5250
4561
7883
14
4510
7344
8851
9253
2693
2505
4650
3839
1668
2465
5773
1547
2313
8705
44
8623
4760
1785
1497
839
3670
3405
7536
4634
1565
9560
7627
4895
9423
1414
9887
7455
2443
2666
2423
5620
4082
4235
1255
7346
9620
8494
2619
7199
640
4297
4791
6041
3159
3329
2112
4154
3895
8197
9333
9986
562
8267
1287
7008
8352
5076
4636
3028
6016
5967
7466
4801
9239
7732
8440
7999
1718
5875
1859
1593
1355
5031
3069
2424
5092
2016
9172
5882
2707
1661
8093
8374
45
8528
1258
9925
2324
7937
3737
7904
2455
5082
2825
5017
2875
240
852
7690
971
2884
1973
6501
5368
8361
3656
9198
6685
3258
36
2426
3125
8549
9290
4313
7698
6268
4306
748
9723
6786
6887
7379
634
4231
7650
5717
138
5616
9340
8807
135
3485
6769
5116
4629
8812
405
8704
7135
1415
1173
2540
2646
8573
1183
7823
2988
9608
3374
8795
3351
867
6288
8407
9703
7147
1977
1381
3355
9938
2643
3452
7331
7243
9191
1490
7104
2686
8252
2043
6439
5721
7040
2882
3669
4520
6087
1281
2011
3223
6029
2339
2100
9201
3636
1150
1253
7562
8344
1295
4484
9006
9954
4324
3406
6828
6093
6165
4027
4141
9219
4985
1338
7516
7496
2094
9934
6328
8804
9580
4109
214
8658
6926
2918
2051
5836
4132
3136
3220
1520
5134
6321
2336
6530
8068
6484
5021
603
52
6077
811
4884
6000
893
5849
2641
1813
9502
4315
2951
6741
9901
8909
8058
7758
3971
4966
288
6112
4322
4386
6972
871
7505
5850
8091
6355
452
2020
2393
8199
9524
4455
4445
1172
5336
8968
1994
1467
5064
3981
9803
1609
8875
363
4162
4058
4827
8793
9238
2742
4986
7710
8920
3469
4348
1912
9512
1768
5129
3068
520
6106
9744
5486
5360
2571
8841
7730
7230
843
9635
959
5524
1166
4936
3807
4259
2246
6173
6228
3726
8354
41
464
5190
8976
190
5604
5759
3505
9430
746
493
9579
7128
3834
7896
9733
7256
2189
1357
1826
5484
5441
126
4923
934
1562
8303
5830
771
2374
4361
2928
4795
58
5319
4316
6090
1332
317
2929
8915
4829
2531
4424
4113
3179
4026
7335
7951
6013
1975
7123
5404
5892
4755
8084
3762
8275
6035
403
3126
6411
3531
5576
4495
3315
2007
7088
9148
566
6574
629
153
4421
8052
7049
7267
5340
6782
5654
731
9344
7357
5251
8287
7190
9548
7434
5394
6186
919
3142
529
324
2897
3969
1153
4991
7994
7767
3976
4471
2859
5945
9368
1963
3983
1922
3516
8484
2526
5288
6583
2968
3410
6146
168
3269
4996
7142
822
7303
7936
3526
8227
2272
1340
6438
1221
5715
1702
1164
6292
9164
94
5373
8247
6835
6622
899
5512
5013
1437
9884
7666
8253
685
2588
6157
4854
3521
473
9134
3489
6145
3110
4638
2510
8768
4175
3304
4998
6743
7082
5325
5726
8502
3084
327
2730
5684
2203
79
5844
4408
3731
1903
2739
3467
8905
5589
3791
3032
8321
9939
4941
1777
7541
8210
9228
5279
6431
9691
1908
7529
7117
2276
9709
3722
222
7605
7364
8678
1731
3707
9046
1024
6142
9350
1229
2962
4180
9991
2397
5008
3515
6056
6973
1162
1072
7444
8409
2644
42
3956
4549
9355
3185
9773
8616
7751
9552
2532
9077
5377
781
1902
1444
9026
6260
6801
4121
5810
7931
1951
813
7714
4597
3874
1876
5371
2648
552
753
6207
5868
9738
9067
6252
3935
1651
3965
5470
9347
8861
7877
962
5107
2497
1914
4554
8586
4576
6962
9835
3584
8362
1491
5339
2989
670
988
3975
765
7272
4841
7059
7260
1080
4489
4646
9874
6640
6365
3892
7700
8163
7673
3576
7737
1439
6434
9852
9897
9196
418
8505
8681
3034
2599
4846
1056
1459
1171
2118
5037
4071
3639
2965
1035
992
7603
7961
1359
7882
5858
7769
6808
6125
7401
133
7645
7339
2105
1624
3311
6848
1673
4681
1780
8946
3134
2087
5022
5953
5215
8725
6384
9057
3138
4264
4415
1352
5963
2850
3822
647
5659
4606
3695
4994
7449
87
8416
7058
7293
4671
1065
5657
5545
3715
223
3059
8309
9578
5842
8987
9365
4559
4578
3320
5199
426
6955
1028
3050
3537
7731
5345
7397
4093
7859
584
4607
5504
1133
3986
2180
503
465
6191
8372
6416
2618
6965
8654
7701
8368
2822
3213
2816
1854
2068
5370
1631
2032
1587
2501
1339
2614
7423
9765
6296
7487
9071
8434
9628
2379
3977
2714
620
2782
4736
6519
6447
5421
8018
2759
3799
4702
6877
2815
7808
8001
6728
9751
5291
4399
4662
527
4728
5200
6878
4276
1482
756
4979
8036
8317
702
7465
6943
8013
5275
1284
7886
2683
4265
4036
798
9771
9055
3266
8011
2807
3271
9536
5638
928
8697
8497
5992
2309
9868
4096
2283
53
9037
5780
6452
5378
2394
500
7788
7881
9881
2320
673
5520
7643
2263
790
2607
4473
9168
172
5167
1064
128
1824
7097
120
8437
679
4411
2919
4479
9383
1771
9175
1608
7461
9259
7637
1128
9155
5258
5839
3230
7622
176
5872
4369
8063
6606
7978
5468
470
8150
4340
3283
20
8193
4819
448
7115
3015
3542
6819
4039
932
3345
5004
6642
2328
3440
6945
4809
3183
7116
4926
2589
6596
2906
241
4343
9894
8020
1519
533
7301
8733
2484
7741
870
9667
4824
3932
7277
1748
8822
1901
4713
2351
2341
3144
5505
3389
3912
4695
6331
4432
1274
945
581
4600
9538
6526
4633
7844
624
5063
43
6702
7734
6385
1100
8796
9719
1749
4692
6505
101
9959
4055
1791
801
2054
3291
6752
5568
2083
9119
7678
6303
3569
3332
5874
4050
6512
3509
6572
6919
1694
4318
3123
7409
6847
2799
6738
6984
9036
2430
4073
3132
8435
9486
3618
3153
6230
7892
10
1131
7895
7735
9787
8760
4693
8432
8634
5018
6409
4928
5917
9556
5809
3318
9013
7000
7913
8082
8927
1867
4098
1887
1919
2179
2183
848
1774
10000
5271
9263
4735
9457
309
1539
2626
2194
6281
1337
2074
1304
8478
1186
6929
4222
5454
8739
1814
7263
7405
5820
4045
8582
2817
8708
219
3102
2638
8423
3107
891
890
3176
8764
6337
7003
5632
1005
2892
5363
2639
704
2114
6463
5293
1637
8608
6271
5237
9549
9173
4704
422
2636
3623
1671
4001
7206
9699
8218
7032
5990
444
5557
6001
7332
6453
719
9976
295
2888
805
1014
2680
26
3951
898
481
8535
6899
2004
3539
7911
6476
9756
5533
2886
1020
4664
2511
2381
922
6755
1517
1394
2079
480
8228
1003
853
9801
5110
4477
1436
1938
8121
9515
8118
5137
6378
8098
3530
68
4814
9214
6195
2537
8964
1223
4374
849
1390
3481
1108
7779
6082
5443
344
1140
8258
7451
3978
3680
518
8741
25
7200
8924
7786
8632
5184
3122
6025
7754
4131
4972
1589
9427
5384
7716
1816
6543
1841
1361
7432
2096
3523
6048
7237
4213
3471
8550
202
7493
2356
9808
6912
768
9250
8240
3917
2721
4106
6980
3734
1417
4543
2014
5828
9810
2047
5292
9291
8698
2182
8776
1641
1251
6682
4899
601
835
310
2491
486
3800
3649
4847
850
9401
8325
2710
4457
5750
150
5385
311
3293
7214
1895
8880
5323
9937
8826
5772
429
5871
5176
810
7825
4004
9758
9131
1138
6212
5911
6639
525
147
1634
2119
7567
6662
2826
1773
4243
5390
1192
5699
7930
5158
770
7056
1715
6508
7090
2942
6618
7395
642
560
6907
7433
2427
3929
8600
3055
7011
3367
6661
9438
469
635
3843
7609
7370
7514
6746
3235
57
5289
2456
5922
6461
7982
9666
9118
8730
2699
1054
6294
5584
8805
5479
3216
9458
4366
6772
9789
8450
2967
4967
2868
1971
6813
8358
2056
6567
892
4014
7372
3517
4422
7063
400
8397
3495
785
3196
9094
721
8706
7618
3964
6454
3837
5692
5497
5448
9282
1275
9724
6091
8715
5579
4226
3922
8659
9487
1544
8769
4515
6914
9421
1160
4573
7023
4217
3554
7453
9967
8583
8412
8278
7583
205
1176
5399
127
3147
8984
7270
6326
6756
9564
8934
5510
820
2561
9495
6740
5317
132
6688
8035
6562
6353
4882
2018
9929
4319
1529
7980
3338
3808
9966
7933
1621
8465
5827
1428
3064
9989
8065
9246
6298
9543
2166
2651
488
7684
2573
8433
9561
9593
2966
1931
6800
2663
6449
1280
8642
1995
4262
5500
2947
7794
2211
3938
3550
66
4976
2521
8491
6359
1790
6671
6579
4934
8503
3739
8603
6843
7557
2391
3207
3013
8948
7502
1767
4196
6188
7706
4383
8115
1990
4902
8898
1486
8480
6333
8538
3604
5919
1333
826
576
2509
9910
1484
5924
124
4722
6833
8643
8714
3321
2594
4794
293
5481
2587
9638
2428
6033
6602
1533
4648
1269
930
4761
2830
1095
4770
789
598
590
7695
329
912
4558
3567
4203
9372
6209
2432
7137
4537
2265
732
1495
6588
1744
5393
5685
1645
5877
9902
3661
3325
1770
9096
3905
262
7022
8975
4907
1921
1134
6931
3113
1630
2698
5746
4599
2359
8493
1525
6492
5901
4248
3881
3310
6942
5891
1939
6751
9394
6737
9520
1997
1078
1862
9964
483
6406
1110
5660
7532
8337
3646
8889
164
2604
2977
2255
5316
7822
4679
2554
2027
6939
8094
2099
8935
5728
1112
7043
1305
9618
1628
8595
350
9712
8719
6007
5997
9809
478
8160
548
2435
6005
9596
7615
2740
9022
4377
8747
6083
231
8009
159
5269
1210
7378
4583
2396
6773
7575
9974
5962
8740
823
3514
2718
6006
7558
5130
3087
1638
9399
3114
5058
3121
1844
2028
1846
6459
5154
5106
9095
3001
8802
23
2502
5420
1375
4781
8566
9806
7986
5906
9284
7846
4012
5033
2690
5155
4108
9490
4371
1847
67
5001
4155
604
4302
5000
780
5243
7254
9260
2959
1765
9170
118
3272
8509
49
1506
7017
791
8008
8956
8074
8919
9782
9262
7642
7386
5957
3598
3402
8897
6232
880
8891
2040
5088
878
9636
3287
859
9768
1440
9615
6482
9626
6812
4804
5900
5897
7295
5069
7631
5273
718
3918
7218
6913
6936
2667
8690
5823
8242
7001
7136
6108
8449
3083
7839
5847
7748
5870
427
6020
7970
2033
3838
7233
6652
1044
246
9567
2681
6674
9475
6916
4396
6716
1195
2806
1012
586
6229
9883
1105
6601
2827
8023
2558
3767
3813
1329
6441
8485
7229
7216
9645
21
8626
4793
4253
4853
3519
2065
8649
698
2399
5643
577
4037
5294
1534
3089
9913
8307
4530
421
5538
9665
7862
9980
8943
1227
6166
9218
1278
7720
9604
6435
5044
6979
9002
7680
5489
6003
6040
2451
5333
1358
8916
8515
46
6370
9827
1775
9820
5775
8095
7033
4023
9215
4197
5546
3006
9176
8334
3025
8284
8520
9302
7376
7762
5896
9231
8294
4107
6705
4202
8165
3066
8266
6915
4571
9915
4249
4687
6117
1722
9247
7612
8439
5029
7556
7167
9216
8306
3988
1882
2585
3330
177
505
6964
9287
9595
3601
8784
6424
8116
9356
9990
559
6084
9728
2308
7940
7152
9893
9038
4446
3033
9979
4144
3907
3148
5458
9496
8464
3250
4244
7607
5908
2006
4307
6450
5410
9053
6196
3490
4831
5179
9256
8815
6304
4118
1224
7424
8330
8555
7640
1889
531
5266
9192
3466
1924
2760
1606
5225
9677
9069
2342
7046
5662
608
7582
9546
5285
3594
4511
5477
3109
9730
1981
9341
6269
7127
8073
7742
3295
8078
9716
3385
9275
8460
5939
5540
7848
8911
1001
7639
2668
5009
3736
6536
9449
2300
1733
5929
8808
338
9843
4219
1605
215
3073
8668
508
408
8514
902
6885
4807
1279
5067
8342
6654
6045
9070
8119
6947
4083
6901
1980
7801
994
1272
84
621
8044
5558
6758
4627
8778
9584
6116
9348
8452
6742
4451
9871
5451
869
8942
7820
9019
9472
6012
1582
1496
9609
7358
3101
9972
2645
3705
7108
1226
9186
4726
1917
3347
9395
8162
607
1716
8574
3060
4799
2593
3645
5683
1704
7231
1177
4729
3306
5494
6263
7811
5307
2086
792
864
416
8755
8445
3641
3244
7832
5052
9059
1523
4278
5127
4680
8411
2921
2992
8262
8638
3143
2225
4193
6032
7573
9477
4579
5449
2525
1447
8599
3445
9830
188
9869
4686
3285
1424
1906
1481
1489
9222
8469
9242
9702
7448
4875
2538
1492
8146
3602
7805
9840
4173
2982
31
4826
3818
461
3429
7515
5832
6428
758
7463
1055
8718
1869
6876
6225
3851
3280
7132
6168
7520
1111
4017
5105
6854
6277
3279
1040
9455
5152
5074
3831
6789
3233
7442
1810
9339
3392
5198
7004
9328
1292
2150
7368
2335
7957
95
8387
2070
6039
2933
3591
5012
5601
7212
6723
6394
3605
7192
2601
3825
9426
6608
323
4183
3587
6971
2632
5758
3225
9150
6024
612
3088
2576
2932
8674
2881
2617
2628
7111
5109
8625
734
2383
8233
1
7926
1004
4620
5735
6784
1879
7347
18
8930
2751
6171
7044
7294
268
9503
7855
449
2923
3150
99
2398
929
2352
4160
3103
6036
3855
5263
4959
6731
5856
5983
3062
5730
8256
9568
3804
3769
1913
743
7266
6127
7225
3957
4466
7333
984
2075
1132
4420
2395
5946
6826
7778
8101
6944
2171
365
6587
306
8282
2058
4961
7697
1074
4995
8619
4609
5283
9792
9454
8003
5071
8057
7897
8399
651
2
5077
4431
6790
3801
6811
3451
1435
1575
6471
7657
2753
1452
1099
6922
4016
8032
2669
6837
8666
3606
6653
9100
2535
8237
3784
6369
4128
1420
352
8047
1147
4832
8636
6256
9781
3668
8995
2555
2022
8192
4352
2649
4031
686
913
6823
2724
9631
7915
658
2201
4915
8404
1485
2845
2993
9116
8606
9402
5055
6197
5986
5180
7654
3721
8083
8969
6213
266
9359
9436
3678
6351
9128
143
6480
7153
5212
4177
9189
7047
9807
1397
3551
9088
8615
8459
4049
2769
8124
2996
713
7655
4969
5343
7291
641
7478
2476
7634
1008
8847
225
4474
8305
7121
3750
6222
9517
5904
2514
9522
6420
1376
4665
80
7522
5265
5799
2168
7625
2920
9132
5853
2849
5430
8864
3171
6190
6976
3231
2270
9162
7172
2244
2985
2139
8415
6726
8753
8966
1970
2642
1277
2458
5485
8388
7129
1689
2140
7757
2877
7833
5989
1878
3151
5984
471
6629
4699
9958
6648
3092
4888
3547
4903
3930
7306
9994
7865
8225
6379
4028
6795
8271
5618
1388
2756
2691
111
4822
5348
4715
206
9955
933
7235
981
5594
9412
7800
161
2353
4332
3577
5426
1577
6804
7711
9555
1618
1286
2895
2248
74
9437
3622
3459
3044
4314
7062
969
6670
4939
9035
9904
1783
5634
773
9876
759
8685
7597
3864
6718
6205
2984
9623
1101
787
7249
6941
4869
1273
8270
5599
540
5769
7941
7927
8185
1464
9943
4874
4490
2777
9717
4499
9441
374
9324
8113
1163
2917
6119
8153
457
2130
6366
4423
6474
4889
4192
1410
6216
2847
4767
3362
4091
2828
9135
4593
7998
9021
3167
2389
3948
7188
5743
3091
5787
1962
6300
6014
2012
8111
2705
5747
6853
7467
1960
2195
9632
8518
7569
2475
2796
2214
938
4659
2654
6970
2148
834
1060
2187
7500
1685
4140
9451
7873
4167
3119
5389
4733
1209
7474
8214
1798
9743
7694
7205
6239
5665
6363
7975
1298
4797
3782
4149
1256
513
7948
5270
5819
3893
409
9818
4165
4591
2862
3987
4623
6295
9480
8770
3828
1146
3080
7470
6663
7246
255
248
3448
9922
7815
2563
3284
6284
8575
9714
2743
7971
516
6270
4740
3366
7841
9079
4605
8779
4007
3556
4286
4221
3188
2656
6920
8172
4820
2322
1174
7065
6227
326
9325
7437
1050
6636
9614
3253
4046
943
5418
1883
3974
9857
4440
75
5873
7139
32
8276
1757
7183
2784
9500
4748
3498
7006
9027
5007
8446
5280
3889
1684
7213
1159
7114
5551
3860
6675
3766
4920
8839
8350
8226
3511
9073
5331
2165
1580
4727
4580
8533
5688
5503
6368
7095
4122
56
1430
4156
3757
723
3082
8152
2960
5797
462
3379
4089
8159
824
1691
7375
6792
2572
7836
6977
82
2401
8103
6101
9573
6732
2922
3352
7168
351
7540
7679
9286
1865
3500
1820
1371
4403
2787
6750
8143
3849
4769
3394
3221
9698
9386
6348
4860
3464
2213
7265
1294
140
340
6111
7106
1237
6630
5452
1729
7026
9264
2754
9117
4871
6520
7149
3436
8492
6859
4550
4268
5003
6371
9923
3796
3934
7581
6875
8135
7481
6545
8454
9254
8746
3790
3245
5907
7924
4806
6307
9315
8545
6657
4060
2546
4779
7890
953
2997
299
7134
399
8629
2002
5961
7644
9062
9754
183
2834
4467
615
2924
3077
1052
7531
467
8343
2073
9206
2592
7308
2042
689
1740
5658
4360
1365
3744
9235
5695
393
6578
815
6433
2912
6585
4952
1088
9774
3836
7834
4065
7177
9314
4685
3655
389
974
6548
885
4957
660
6544
6940
7179
1808
6665
6954
5471
402
8241
1894
1750
5833
1445
5977
1604
973
6627
2957
3869
22
3702
4714
9526
9363
5724
1801
7288
9202
9927
3857
83
4602
5097
3129
244
6290
441
391
7979
7842
9154
7954
1123
9269
7600
8251
690
9630
7660
1741
1719
279
7126
1900
6651
9853
8007
1864
3865
9373
6223
3949
6575
1145
1276
2679
2110
7318
2547
948
6768
2813
1291
9190
528
1804
4391
4492
1235
7492
1510
5281
5761
4029
2052
949
115
9829
9204
5742
4948
2316
6015
2069
4862
7060
4601
7198
376
4170
2385
1625
4042
6815
7988
2001
9607
5673
9919
2269
2390
4195
171
415
3925
9068
9690
7219
5912
9602
9764
8114
8675
2489
740
9610
4210
2792
8
2088
9736
4136
2333
491
4808
6720
8014
7460
2226
1803
4333
1743
1350
6576
2357
3289
9485
3465
8504
7419
8860
3658
4595
648
5885
1346
5422
1766
5531
2330
2373
7838
1389
9491
7342
570
8671
1558
2602
6060
6528
9706
1967
5522
2958
5028
4143
476
3252
5208
6293
9802
2461
7477
1285
4258
9842
413
3711
3635
873
5440
7488
6791
4538
4010
3053
4666
567
2266
7796
3274
818
8381
3758
703
9338
5816
4011
3412
8272
6824
5241
1007
8620
8562
8442
5791
2400
1868
3643
322
6143
7076
8936
7259
4540
5867
5916
5863
348
3058
8530
3277
5182
2304
8235
3886
8122
4802
2055
8598
4171
9622
4288
5740
9080
3570
8000
1318
2747
4765
7574
5612
8156
2519
9931
3651
4380
9962
2419
5354
4496
3894
1831
8410
5087
1745
3263
9230
6725
9981
4898
9093
9576
3955
7426
5342
2499
5784
368
3980
1023
6403
767
1300
4682
3115
8852
2132
291
1984
3478
1845
6595
7081
5171
9031
3968
856
5455
7504
9693
385
6799
8348
6996
5019
5173
6761
3441
1989
8561
3520
4960
4092
5592
9149
8045
4068
7330
6138
5928
3026
3829
2671
6712
4844
5741
4054
8571
7907
4503
1760
997
6426
6414
6233
4245
1310
5350
5554
2612
8201
3979
1288
2611
276
6141
9836
1499
7776
6549
2380
7030
2387
5061
3794
5051
2449
8541
8734
3982
4015
9832
7020
5704
2548
5508
3238
8806
4631
6966
382
3076
1179
1708
5639
5157
5869
251
4176
8695
9025
5186
4762
2566
3029
9674
1030
9335
3099
2687
682
9461
5672
9634
9138
3553
6282
3876
3749
6095
7429
1049
3395
1416
6523
2170
3733
8854
8298
3324
1992
6202
9408
1087
6680
7261
4064
2802
3040
6457
9008
9316
6180
8301
3027
2468
557
3333
7348
2931
3687
8067
2378
4299
148
8365
2775
8398
1450
98
4375
5754
3859
7494
9236
3743
9052
8021
213
5664
7002
9364
2972
659
7239
7705
8610
3793
9657
3198
4763
7588
4551
5070
2865
7057
5473
7610
2567
6831
9707
5751
178
7908
9770
6729
4387
3534
3795
1911
627
5032
1674
6189
699
5209
2108
526
433
4778
669
3
5542
5702
5826
2950
3772
2000
2277
4323
1466
8558
397
2894
5030
3353
3566
9012
3552
9745
8292
8602
6777
166
7240
4800
2437
3037
2450
6957
555
9318
4187
9452
1094
6397
5163
5501
729
2837
7320
7245
5228
5090
3688
2768
5515
3428
5593
7696
1070
6679
7021
4630
1068
5406
3679
2676
6903
5207
2199
8137
8288
19
7404
9637
4533
5189
8220
8200
926
842
4843
733
8061
9020
1726
3186
8765
6713
4279
6395
4281
1457
2487
9276
5960
5765
4924
3227
800
4254
847
76
6350
979
4277
1455
4710
4703
654
7542
4610
2343
6715
6953
4626
4741
5123
4353
7512
8393
2695
1370
6218
4848
146
2021
3387
9861
7273
1501
2927
6417
569
2887
6347
5429
2915
4868
616
5272
7549
8051
1513
1073
119
655
1815
1706
7551
6707
8107
2326
9321
4200
196
3041
9124
788
8584
6063
2953
3778
6570
4613
6283
7158
4818
7934
6386
4285
3984
2421
107
3381
3363
4405
7682
4074
5800
1762
9815
6525
4043
2281
9089
8390
1092
2853
2717
9613
3155
6736
277
8286
4697
451
7510
9179
6917
7768
252
9639
2472
55
8749
3475
7098
5121
7727
9281
8463
2279
4392
8230
707
5401
523
174
9268
8922
8953
9248
2338
2575
8529
5306
4940
1723
8429
3870
6924
2233
3414
696
9030
1498
9105
829
3775
8382
3236
9788
6131
965
4320
6238
5115
4507
1944
8877
7850
6105
1707
4789
5383
275
7866
6004
1344
7586
30
9327
4429
2823
1799
6408
875
563
1502
1475
2049
1603
1853
439
3595
238
2216
5126
1129
6757
6827
7921
315
7509
2504
417
5039
8202
434
9599
3528
6770
345
4056
5586
2866
7469
3803
5156
4263
2529
2640
4918
8424
8722
287
7195
4072
4137
4067
3294
5889
9655
5651
8239
8850
9627
7880
4545
8403
2386
2798
1959
3812
437
8756
6894
9375
7016
1598
3022
3620
675
7671
7345
9651
4877
4771
7394
6096
8536
1405
2251
7012
2061
6624
5913
5755
62
3780
1713
4644
6889
9414
3634
6855
7628
6499
7
226
358
6821
5948
2832
456
5682
5045
1571
7268
3760
3871
632
1034
3512
5267
918
3933
7107
5774
8377
8109
7257
5400
7947
4079
4062
991
5712
9306
8657
3742
9762
2952
3264
4725
5025
6594
3360
1323
925
5635
3242
7307
2174
9203
684
8540
7355
2217
3844
8525
7777
6839
8831
1479
7411
6275
4384
64
9122
7893
851
5457
1686
8037
951
6497
4608
1157
8963
194
9063
1232
7130
9130
1204
6120
3590
2574
5655
711
5227
3314
4442
8211
2661
3135
5297
60
8125
5565
2332
4845
9800
7824
1957
3960
9396
779
6074
6664
1837
4569
3105
2900
5649
342
7715
8033
7885
1574
1600
6164
9409
5397
1838
1557
1077
1322
1383
2856
17
7176
7691
7826
7391
921
9353
3568
8376
2896
6911
7617
6496
5122
9513
646
6703
844
105
29
8422
3994
2120
6248
2745
3652
4482
2622
8818
3745
2716
7942
7373
16
235
1487
428
8081
8188
6619
6121
8310
7224
4271
3671
5456
7141
976
474
1819
1663
5669
2542
9083
5786
6711
6649
9811
2167
565
423
910
4544
8726
7038
5376
5934
1986
708
9188
5556
2259
3327
9780
4502
5513
8444
289
6103
6089
6070
3146
6073
294
5890
9331
2709
2665
4174
8481
6807
1238
7524
6697
2780
6534
916
6616
5112
3740
1470
1297
2653
3154
6407
2218
3070
9403
6423
639
1855
5585
6571
664
7903
7490
4628
1503
5947
3401
197
6071
5607
2280
2880
8710
6845
3724
1559
9942
8613
5734
335
3425
4051
7953
373
5753
4885
339
4267
4406
5255
2578
4151
5461
5353
6529
3728
4531
4758
6297
6830
8621
1660
9819
5098
2116
453
1655
950
3160
1755
4052
8932
4663
1961
8844
6247
5915
8462
5415
8426
4148
1201
9479
4835
7726
4747
377
1142
4224
6477
7528
6102
683
2550
9014
7550
5899
7483
3856
3832
7018
1788
7161
3596
1206
5049
5496
6852
5801
1426
3133
9295
5046
6925
3659
6413
6113
5610
2725
5302
27
956
7398
681
668
9016
6391
7234
9727
4775
5133
7489
5355
4786
3578
313
5768
9108
5626
157
4298
6692
2662
103
5552
9594
7099
6100
9984
6667
3297
5194
2261
6856
4331
8049
3993
840
9882
3484
5433
9909
3446
2664
5902
4539
7724
1949
2857
3961
1584
3336
1508
2938
9103
5656
5854
8856
9032
6762
877
7024
496
3792
1554
4201
3200
8291
9011
3455
9110
9277
3413
3260
4493
3616
1031
1966
3319
9326
372
8799
1897
5883
3067
7747
2241
4720
8224
1071
8833
7599
6521
1930
9862
8565
6203
7007
5886
8775
2134
6234
906
2734
3482
817
3030
8594
6524
8353
1262
1563
4878
3817
5564
9681
7889
6490
3880
5720
2175
8923
1422
2062
6030
8941
5578
7221
1411
6264
9565
8319
8646
4350
1208
5381
1047
2836
1076
9045
3127
308
5402
606
1400
8872
1380
227
7389
6935
5407
7555
4419
3830
7091
7539
6323
6049
5766
5016
1037
4637
995
9878
6462
3628
5104
7887
3170
5817
4057
6691
9358
1233
3691
2715
7648
2200
7563
8249
2979
9492
7258
5518
232
2570
2795
6079
7888
8479
7278
1659
6759
1856
8868
5914
4019
2447
2146
8767
2930
736
9873
8684
73
9912
6610
1633
8486
6129
3821
3814
6846
8521
4660
7385
4312
5083
8363
6061
5968
5290
6488
4813
3175
2067
9509
1205
692
1184
8128
7353
3288
2812
4916
4669
7382
7074
6436
7872
8609
7157
8644
2298
9226
5864
1368
3720
7349
9379
8647
1107
6747
2082
1601
9504
2041
1141
6991
9184
4114
4275
1434
8579
7079
1615
9965
9311
983
7960
2224
9519
1188
545
8791
3276
5057
8208
7636
3654
8640
5425
2454
8717
2415
7916
8489
783
4292
7598
9300
4724
6869
8712
2319
2296
6881
7145
6658
5437
447
144
3217
3875
2963
4413
4904
5782
7459
2363
8954
4754
169
3093
2282
301
762
1699
4780
7396
7279
8070
4987
7174
7013
3212
4925
216
1632
4159
1555
6240
7929
5164
9671
3376
9141
7670
7761
3877
2737
662
6796
8019
3108
3820
9985
1812
1526
4731
8901
2774
9898
8605
1419
3883
4163
1404
3647
7166
8079
155
5024
3660
2694
4954
4509
2060
5597
1522
366
7989
4003
4834
9446
1118
1541
600
4859
2752
7791
2474
7393
156
1320
9664
3322
5187
7156
6181
1852
5676
6058
8005
6354
2562
7819
3759
796
7613
8024
3020
8670
4018
2143
9506
8129
3942
3045
5974
4618
4111
1230
9460
2606
6059
2974
4145
3461
514
5942
89
7619
8209
3650
9205
6280
2377
8667
3609
6888
5640
6334
8894
7537
9833
4061
9121
9157
1572
3827
2494
7269
501
9920
2312
4280
6569
6498
4498
3255
6547
8524
5803
9759
5224
4385
766
2349
1848
2911
1189
4811
2231
1509
1616
8925
7743
9085
2677
2124
7962
9859
3662
3014
3571
4020
7223
7163
5834
3470
249
8238
6518
6278
5881
9785
8507
701
1890
6928
4250
8323
4485
2904
1590
3323
2914
6721
7840
5631
1214
9790
5621
1019
5645
4721
625
3246
7894
2127
5305
8692
6647
3326
9850
7665
1734
1299
5949
1927
8970
8508
5431
380
4459
1010
2104
8046
1825
4528
2237
6600
5065
900
7274
184
1265
485
6402
8132
3420
2151
6400
7996
4563
6628
6317
9977
4317
4133
6584
4130
1326
6064
3611
5529
6389
2635
6592
6516
2431
9726
337
5719
7910
2089
4169
8015
6057
7400
2486
579
2103
3777
5232
8682
1896
537
1849
8322
6360
4719
9225
7418
3120
7736
3816
9839
5181
1260
9624
9908
3774
3378
8876
5569
6577
5204
2155
9221
9115
2793
8588
3617
5482
609
8373
9240
4044
9066
3344
7244
2133
6276
4672
1236
5020
8665
3565
2870
3008
4787
7572
3689
7591
1585
9831
5413
228
2569
3128
4555
7151
7835
4913
7203
9661
5229
9494
6002
4447
5650
4574
175
5218
8155
1441
5338
7900
9445
9755
5570
3872
5149
78
9796
4506
5619
4837
9668
4150
7629
4872
5056
4917
3399
8191
6144
4448
8908
8553
347
9747
2596
1657
1536
9251
477
3562
2078
6315
5412
3727
2473
876
3312
6992
9166
6511
1829
9453
2003
7028
9278
3031
6767
750
139
7544
5023
9323
362
1535
7797
6934
8785
2583
5221
1257
3203
9023
7103
5661
8064
700
7784
8820
381
261
8973
6062
9319
2916
4546
2030
3614
5310
9182
7413
2292
4289
4272
129
7861
1002
8921
5166
1622
4783
3797
7388
4464
9583
7984
3619
9629
6873
3398
6362
4246
8126
6987
6338
2861
9074
1097
2549
3564
1907
1602
677
1948
5642
6724
8939
3248
5606
4977
1950
1302
4892
8384
2831
8539
8268
1936
9849
7422
125
9048
7602
6135
4542
1851
7918
716
8261
5894
6342
8269
4220
4344
2488
1104
8829
8164
7750
1653
3166
8194
8662
2616
5078
8960
4556
5131
4453
9004
9507
6009
6380
410
6124
9847
4519
2177
1705
1293
7289
9212
9865
8190
2418
8827
336
2444
5752
9367
3608
3741
4234
7387
4147
7579
5958
5865
8482
3882
7744
1738
6198
7798
2520
1916
349
4723
9382
7760
5160
6932
9649
5749
977
769
1746
9711
5822
7721
3873
4000
7870
2243
2485
8277
6026
602
6319
3423
1407
9696
3334
4568
1144
3095
7042
7633
9442
284
7184
8837
1448
1046
9465
3785
9795
7292
3946
2803
1041
4527
1828
4462
263
7064
8580
4402
2013
1317
7693
4208
8513
9404
9376
6989
6593
7534
3913
9424
2268
4382
5991
9332
9127
367
5223
5053
8711
5366
1983
2462
8056
754
7383
4110
5744
2820
8673
4390
8496
4309
9195
3713
6509
5995
2008
1403
7427
7878
7867
544
5696
1664
5480
4367
2479
4508
2009
4300
786
3158
9210
1148
9749
2453
1588
7321
5146
7856
4851
69
3072
9590
8329
3781
9317
9425
7699
1942
5711
4481
725
5478
2005
9535
8072
5567
2220
4157
1793
3443
209
5783
7545
2345
6604
4594
4858
2371
1714
9644
2081
9389
406
4304
7546
8527
7661
5511
8293
909
8821
37
9042
1053
5549
4828
6126
7571
1362
5219
957
4622
4734
7309
8333
1543
4615
1629
8302
8290
6182
5347
3488
9582
5466
1548
1985
5095
8631
5860
1240
5197
6086
5231
8988
1569
2188
7686
5450
4777
1711
2684
7281
5075
2448
9033
243
7652
9040
6067
9044
2731
2703
4776
8355
2785
1433
5357
8134
4619
6051
8312
4501
1307
3226
6834
8862
371
4086
5086
2057
468
265
8926
6581
7663
3097
2545
6410
5379
9180
5142
6999
4358
7533
459
2744
4589
5135
1246
8295
5633
1472
3920
482
4454
4342
4694
1316
3397
9207
3610
666
2976
1866
7871
5541
1871
8510
7196
6565
2413
1998
944
4774
2162
5608
8567
1988
9648
4798
3254
3879
5040
8089
5386
1573
661
9041
4965
2149
8998
6038
9928
1270
1207
6109
6997
6161
4456
1239
9136
5903
4146
5666
9587
5931
1552
1850
7045
2876
6734
7938
3765
6531
5313
4488
7425
3694
440
9995
5714
7075
1069
4598
6644
5414
2144
4716
1328
121
7027
3916
9880
5700
4207
1311
4469
1387
6361
3251
958
2406
5550
182
8945
5988
5252
8772
1769
4753
6345
2533
4047
6527
3340
5117
4006
2360
4417
833
2851
7717
4640
9694
9357
5315
9907
2964
6390
1446
9950
3959
5059
5382
4698
9129
5245
5574
1215
2131
9391
285
558
4886
1244
887
6706
2577
3748
498
2205
234
5677
3561
9501
3768
2492
5553
9005
9650
8216
3380
6678
8645
4575
1301
5970
5138
5100
430
5118
9098
6130
9569
7399
7810
821
1290
5447
7595
8187
7408
5739
1461
7464
5060
4190
3140
2889
8940
1827
3192
6694
5191
1881
2869
7226
5005
9499
9653
3712
7010
9114
5926
7120
9330
4981
2523
861
4409
6809
6597
3411
8255
8346
8088
8823
5161
5341
5637
1478
7518
203
7987
92
4870
2039
7014
460
6314
8090
3952
4921
8929
6550
9793
4861
8656
3035
8664
5710
5372
1465
4125
1268
1062
9181
6364
8578
5254
1120
6867
9968
7664
3633
272
7501
744
9101
4864
9940
6560
1473
4647
8174
6308
6871
3007
3094
7280
5767
6081
6299
5687
2910
1772
9534
237
2493
6373
6487
4401
8141
7133
2824
5205
3586
8663
6623
7592
3815
3261
1137
1093
7932
2810
5026
3548
1382
2084
3049
1586
4070
2315
3664
6882
4393
4643
2801
8488
9956
6580
7327
4880
4805
1091
332
3914
4974
7946
2145
742
438
9676
942
9261
3502
7438
1784
2101
8181
9410
4325
9371
8835
3009
8581
4700
5525
5623
4980
7854
9611
7773
2230
509
5866
1954
6055
6805
3404
2508
5838
8351
985
7568
7576
9783
2621
9753
9616
1595
881
4683
1354
542
160
3708
9804
9370
6489
230
2995
9233
4866
3431
8611
7297
5776
5498
8593
5993
2064
4639
4088
495
8971
9886
2422
361
4094
2969
5206
592
4836
2138
3408
3823
757
9163
4439
9562
6099
7406
9293
8848
1675
3533
7140
7775
6330
6838
7407
9266
8519
3074
9444
8990
2340
91
411
2568
7341
5624
4739
7606
8696
9553
5925
2264
4115
5462
8709
3958
3229
8691
7264
4560
8907
3809
8043
9255
3510
4090
9420
9165
9757
2527
1969
854
7538
5981
5543
8283
8938
1384
1802
4284
4588
4773
6832
4706
9369
9064
1923
6287
5216
2098
5560
9285
7649
1442
6381
9374
7667
4341
1727
3612
6561
5811
5041
1886
7585
6890
580
5788
9566
6092
1125
8360
1976
4465
6557
8759
9232
4124
8100
6960
9529
8809
7899
5964
549
8754
7310
4398
7025
2107
907
1022
816
3600
4483
9220
6150
4900
2608
5411
5038
97
2080
807
2299
7687
4066
1063
3273
776
1180
9682
7495
1029
8727
2102
7186
4191
4564
636
1892
7039
370
5080
6967
9572
8993
51
7997
5398
7674
1521
4654
2236
9039
5246
2609
573
4261
6785
9249
4749
7412
9866
419
7185
6132
3358
9123
2181
9558
1182
8816
5539
4732
4947
8189
862
3558
6735
4744
3056
4709
4691
8217
450
1794
3061
9746
4833
8075
712
6938
6066
7950
4476
4443
8896
1155
6011
7503
8105
5006
7969
6034
9617
8274
5488
9208
3730
292
8151
541
1127
8102
724
5248
4541
6139
3162
35
6349
7499
9718
2375
2797
7729
7287
5193
8928
2762
1043
3211
1343
6930
643
9174
278
499
4362
6401
4701
8637
5300
187
1805
6591
5427
1809
8438
6383
3887
6559
4101
4105
1119
4933
8170
8622
6153
5002
7325
2158
1460
9493
7359
2172
1462
9891
5036
6322
4311
5802
9588
1231
5318
8736
4932
5298
2926
3497
8431
2327
6710
4688
3499
5416
1701
7860
3819
8874
2625
6866
7476
2766
6332
7255
4988
114
3438
1910
5278
1620
3783
4513
7589
9545
1296
3036
2779
7632
9456
1576
7055
6895
5935
7876
163
4796
2755
1283
6988
8762
2204
4418
7974
9816
720
9091
1449
4738
8039
5517
6864
2249
8086
8591
7125
8117
7369
4596
3563
8996
7917
8563
7991
9466
3456
2591
6820
1756
7035
6974
2842
7143
9544
7759
5444
5409
855
5364
9146
5101
9099
9797
442
9267
6689
1363
5927
5674
8048
7580
752
1612
6206
2310
2163
8213
8855
5938
2053
4181
3208
8517
96
556
9527
2469
3241
5147
6818
2470
2702
5807
6862
3581
6857
3921
2517
8774
1454
5625
3017
2821
7181
1254
7241
3811
9352
6481
3043
8016
5043
9946
2311
364
1665
7565
7251
9439
7638
7902
1369
392
6981
9794
7901
9658
9975
4930
9505
6421
34
2907
5337
5213
1102
9646
993
258
2193
8614
6921
3700
5380
9821
709
7211
4215
9855
7085
200
8918
649
1623
5277
9760
6672
3111
7146
3218
3048
9448
8742
1515
6088
3764
4586
3145
2197
8092
6068
5286
8215
1413
578
2273
8311
8572
917
2891
9223
8027
1832
1839
1527
8139
6446
4123
4270
7445
8138
6802
8738
3588
1581
8863
8731
8982
8394
6246
3902
5387
8053
3390
7311
4821
9463
9029
2010
463
5211
650
1391
1168
6923
7440
1392
4463
2839
6085
3222
8546
7296
2726
2111
1429
1945
5321
5081
9380
2735
6255
8004
7976
5583
6357
3806
6448
3383
6382
4134
7228
2688
3012
2307
6251
8914
8677
5050
2358
3513
4478
1751
3779
5703
941
3506
2898
1946
7770
8557
793
179
8888
1084
1697
8512
8899
2142
6019
302
5950
4287
2229
9167
7034
1336
4621
1974
1266
3580
8577
8617
3666
4867
5264
4209
1787
7669
7963
1870
4228
7990
8316
6978
9961
1511
8418
3023
7753
6904
1373
9988
9092
8648
4336
314
6865
3450
3681
8537
210
2700
3967
7944
2749
8701
9450
1964
8604
2901
1712
6676
1578
7036
2254
6961
7688
8383
4512
6199
1991
4256
7092
6388
3268
2274
2534
8687
6243
865
519
2530
2987
6273
1956
1958
3862
8627
9415
9949
7456
6677
1089
2284
4548
3940
7204
2059
2536
6533
401
4379
2077
9054
2954
8689
7621
4500
7864
5239
5757
1178
1027
4139
2185
3937
927
431
5369
8204
9921
3648
9078
4081
6200
3281
6237
2727
4908
3536
6949
5733
4002
3393
7803
1335
3019
4468
4750
1197
2161
1613
5789
3439
4983
8405
6465
738
5561
8592
2015
9508
8789
947
2867
2973
9158
4658
6134
1476
9473
1261
395
4461
7187
2541
1377
8327
3232
5483
4283
9086
7110
9213
8314
4955
6399
7891
5506
7972
5424
5636
7945
3593
3375
1840
8511
1033
151
8713
5274
3156
1249
8686
3391
4370
1018
2944
5119
6387
4649
2125
6156
9060
9621
9969
5722
9243
8245
7180
4166
1042
5648
131
2433
2238
7367
5813
7738
1721
7506
6613
1797
7119
3903
6374
7561
7712
2126
8476
2539
9752
7919
9289
5527
9273
5779
3868
9684
7402
6673
7713
760
4641
2331
6733
5153
8396
6194
3966
3047
937
154
6686
6638
2738
5880
6986
623
8937
7070
3504
3998
3557
1599
5705
13
3199
6985
7112
5693
497
9459
5334
3173
3947
1250
9322
8959
3038
3480
199
7765
5652
2071
9917
4937
2949
828
3991
3696
8543
8830
2228
6660
2624
9112
9766
2652
4229
7774
799
5490
3433
1106
7051
9708
8166
9845
506
8838
7491
1161
7630
9468
2854
9211
7473
5375
4990
1412
3884
2411
5843
3339
1570
1061
7480
554
3835
7912
8676
1792
6254
809
8336
9187
9559
5102
1202
1730
2841
1737
5888
8500
9159
1662
9903
3752
9585
6631
484
6778
185
407
6192
7813
585
4935
8447
5996
7374
2169
2879
6279
3756
7722
4095
3555
1617
320
4737
8843
9605
9303
9960
7635
858
5139
936
3275
7653
9813
167
5723
6201
9194
296
8867
3637
3787
3427
6475
4127
3532
8231
2227
2610
8318
5132
3024
9413
8154
4293
2595
3589
7170
4759
9982
2294
2678
9748
2219
8811
1953
7594
3372
4557
1196
7857
4742
4678
9734
9971
9669
4437
5680
6787
5921
3348
5303
4260
726
6607
644
9265
7659
3161
1885
5210
3493
3205
4553
5999
2515
8313
9601
6162
4617
3005
2630
1431
108
6822
2935
6700
9010
1252
1926
2388
5910
6261
2323
5804
4438
6412
3343
7054
4303
492
4673
5725
2191
6118
4677
8912
2090
5805
5287
9498
9390
3335
3468
5745
9377
588
7485
4707
8576
1822
1996
802
5234
4839
5493
9778
3714
7725
7829
5
6566
1212
8981
3953
3990
9930
7356
2066
9858
1026
2615
54
5259
1888
5175
6214
9084
8800
2770
3137
1341
5829
9378
1940
9304
1222
3303
4363
1929
112
7191
1724
7973
396
4642
7415
8180
4152
3690
3492
3139
5845
7472
6469
5320
4013
6437
2253
7334
9918
7083
9704
3810
5509
7160
1549
4198
9999
8246
6259
6097
5469
3364
7707
1453
7471
6937
5878
3627
9434
1480
1347
8978
7519
9598
245
466
911
2370
2852
5523
5244
8133
8849
446
5686
390
445
2524
8887
9570
5862
1374
4158
8873
9298
343
8142
1512
7165
1504
8206
5214
1216
1032
9351
2408
7749
1728
4973
224
3999
8568
8369
9739
2434
2528
2712
9252
761
5898
5825
4236
671
5124
6810
7443
1672
6599
1109
9431
794
8669
8498
510
3583
7202
5260
3209
4024
7968
2939
3710
5178
9947
8145
6797
7852
8289
7414
6193
9313
9899
5709
5296
9090
7326
2176
2788
6219
9384
6478
2556
9429
2708
8427
6816
3003
5701
3824
9320
8406
9973
7552
7593
4577
5233
9710
201
2325
9301
